-2.787488 0.189457 10.492386
-2.677166 0.169054 10.117069
-2.630948 0.212556 9.982910
-2.695522 0.200487 10.087294
-2.628134 0.266586 9.847249
-2.645789 0.185213 9.968994
-2.654741 0.269033 10.055569
-2.713602 0.180959 10.276186
-2.663875 0.304087 9.985255
-2.635950 0.314443 9.868653
-2.665901 0.230336 10.094431
-2.615542 0.197206 9.939062
-2.660780 0.333566 9.972856
-2.585058 0.176681 9.854779
-2.586564 0.184025 9.918275
-2.619721 0.369854 9.862912
-2.635364 0.209559 9.973012
-2.551613 0.261796 9.666241
-2.619307 0.231840 9.934473
-2.647616 0.228683 10.027003
-2.505051 0.293002 9.583885
-2.503220 0.264628 9.461133
-2.587194 0.259210 9.857329
-2.611022 0.226172 9.919903
-2.553974 0.369593 9.523794
-2.510646 0.232976 9.570729
-2.515250 0.339002 9.492590
-2.478022 0.284470 9.395118
-2.556712 0.273964 9.667817
-2.531916 0.287270 9.571480
-2.517880 0.288552 9.519366
-2.595461 0.202945 10.040723
-2.555418 0.297125 9.679087
-2.471077 0.271148 9.387364
-2.468678 0.164882 9.513320
-2.523297 0.333718 9.528725
-2.435319 0.297147 9.289281
-2.573631 0.347885 9.728295
-2.551220 0.297959 9.720935
-2.539322 0.278282 9.544483
-2.499222 0.338455 9.480792
-2.499709 0.277746 9.514644
-2.460234 0.301675 9.291727
-2.485547 0.393989 9.433352
-2.384213 0.356826 9.156036
-2.530155 0.318093 9.532042
-2.486966 0.349824 9.377110
-2.414225 0.393454 9.203027
-2.507079 0.374992 9.568395
-2.347164 0.409640 9.027010
-2.474401 0.336327 9.374263
-2.436787 0.349496 9.240494
-2.450602 0.307781 9.320974
-2.439297 0.424594 9.234088
-2.386757 0.345782 9.211164
-2.361110 0.308726 8.938065
-2.423911 0.326101 9.248958
-2.312627 0.426685 8.816058
-2.373381 0.311876 9.052675
-2.408187 0.341015 9.191118
-2.402090 0.387343 9.142146
-2.351368 0.325496 9.022139
-2.334708 0.460823 8.882956
-2.340223 0.386651 8.902981
-2.416976 0.357121 9.273116
-2.381710 0.381085 8.993946
-2.293148 0.383876 8.849683
-2.281290 0.349902 8.812894
-2.261054 0.411538 8.739888
-2.378310 0.414399 9.023176
-2.393059 0.418372 9.097492
-2.276995 0.373024 8.780380
-2.306189 0.402541 8.812767
-2.318361 0.366492 9.000178
-2.176470 0.418586 8.490467
-2.300036 0.441962 8.740942
-2.229277 0.307006 8.665228
-2.326450 0.351480 8.874346
-2.226371 0.455817 8.572497
-2.304926 0.422841 8.805318
-2.209494 0.405139 8.519398
-2.203955 0.391402 8.591604
-2.310934 0.448293 8.834365
-2.181651 0.408128 8.484069
-2.182259 0.481821 8.406755
-2.194088 0.393525 8.476614
-2.204356 0.437898 8.514086
-2.202686 0.546535 8.509705
-2.227341 0.427709 8.650661
-2.252673 0.470635 8.609823
-2.272298 0.474147 8.704294
-2.162842 0.484146 8.343045
-2.081771 0.386676 8.302494
-2.188745 0.466676 8.428598
-2.072603 0.437723 8.208649
-2.158349 0.483019 8.427526
-2.156601 0.474510 8.336420
-2.146902 0.487561 8.368397
-2.150651 0.434277 8.338472
-2.260058 0.474301 8.735197
-2.215233 0.563956 8.484479
-2.181113 0.516697 8.410840
-2.267266 0.486510 8.602889
-2.111234 0.551402 8.216321
-2.119644 0.462306 8.200867
-2.124009 0.570451 8.252023
-2.089179 0.498786 8.174006
-2.088989 0.417999 8.245933
-2.068532 0.476962 8.122107
-2.116321 0.515410 8.230936
-2.137820 0.548222 8.357088
-2.062543 0.467928 8.162620
-2.082786 0.560535 8.026552
-2.115199 0.538879 8.215933
-2.068473 0.485296 8.152202
-2.108051 0.544227 8.204483
-1.959491 0.464833 7.745124
-1.998430 0.425779 7.978146
-2.125304 0.625602 8.204184
-2.028440 0.579486 7.962263
-2.093031 0.621460 8.162213
-1.907964 0.528548 7.642013
-2.074450 0.602261 8.068261
-2.053759 0.599034 7.998664
-2.005136 0.590141 7.918157
-2.058953 0.529236 8.200808
-1.934350 0.538447 7.662240
-1.977070 0.539802 7.812508
-1.925670 0.496733 7.706503
-1.926715 0.571658 7.620168
-2.033886 0.604497 8.011404
-2.012994 0.645142 7.846243
-1.882787 0.608916 7.614854
-1.894286 0.627891 7.665020
-1.997063 0.591384 7.949392
-1.938363 0.669690 7.693168
-2.000179 0.562498 7.985716
-1.913706 0.562063 7.775330
-1.876047 0.547869 7.530724
-1.886216 0.705589 7.570491
-1.972752 0.625497 7.814170
-1.928338 0.597502 7.660424
-1.851619 0.675065 7.469657
-1.906806 0.698952 7.570543
-1.775460 0.596062 7.314617
-1.890665 0.745220 7.497589
-1.898631 0.653714 7.613165
-1.823941 0.721175 7.421063
-1.846754 0.610938 7.380748
-1.868123 0.614594 7.553355
-1.730067 0.679845 7.106157
-1.847560 0.573093 7.457421
-1.810285 0.602495 7.376850
-1.814401 0.531887 7.413642
-1.838192 0.648916 7.426256
-1.873887 0.646732 7.486924
-1.725619 0.673646 7.075164
-1.841208 0.686441 7.462991
-1.744716 0.647971 7.246573
-1.805176 0.615924 7.291913
-1.788445 0.628611 7.251631
-1.809460 0.652488 7.396574
-1.738947 0.688564 7.153746
-1.851372 0.674805 7.397106
-1.668037 0.671102 7.076061
-1.831872 0.744221 7.417054
-1.747288 0.671124 7.236427
-1.700632 0.636244 7.138427
-1.843159 0.643346 7.528628
-1.740677 0.672631 7.222306
-1.715948 0.725978 7.167310
-1.809545 0.729851 7.362148
-1.708480 0.678331 7.113188
-1.748146 0.684034 7.221533
-1.714510 0.726066 7.104687
-1.602986 0.774939 6.855926
-1.670650 0.696755 7.011955
-1.691917 0.722497 6.977436
-1.706191 0.744143 7.135325
-1.747625 0.650534 7.139836
-1.699721 0.705468 7.043903
-1.679103 0.747512 7.031116
-1.641481 0.701274 6.890589
-1.711602 0.716627 7.080782
-1.589355 0.701394 6.874383
-1.657014 0.679999 7.013501
-1.675021 0.681312 7.038628
-1.663669 0.750767 6.955435
-1.591550 0.742215 6.707934
-1.600907 0.803392 6.828307
-1.528200 0.717905 6.572416
-1.585646 0.735975 6.798873
-1.547074 0.753241 6.659366
-1.496014 0.764593 6.446562
-1.616996 0.851133 6.763776
-1.556041 0.801306 6.612504
-1.591539 0.755798 6.811085
-1.526237 0.854709 6.589307
-1.601399 0.732526 6.891102
-1.486892 0.835359 6.458067
-1.529779 0.788412 6.584914
-1.599652 0.778049 6.795782
-1.518999 0.730381 6.692658
-1.564753 0.846856 6.701821
-1.532111 0.681389 6.680054
-1.466083 0.788332 6.437098
-1.456420 0.775445 6.574148
-1.606870 0.831799 6.770378
-1.499981 0.759722 6.506980
-1.525654 0.775696 6.632198
-1.476632 0.868967 6.429468
-1.516015 0.948151 6.473663
-1.467745 0.837338 6.518966
-1.557388 0.775726 6.725150
-1.459815 0.818590 6.482640
-1.515914 0.867754 6.618589
-1.447627 0.905703 6.395595
-1.471076 0.930589 6.366745
-1.395346 0.908715 6.286159
-1.368523 0.926737 6.210449
-1.479097 0.886445 6.419659
-1.267039 0.849439 5.971830
-1.415028 0.879200 6.404277
-1.412538 0.911781 6.349951
-1.438767 0.868471 6.340269
-1.488733 0.813105 6.472429
-1.443044 0.901811 6.405860
-1.411600 0.959966 6.287462
-1.352752 0.890263 6.235805
-1.443868 0.942136 6.363419
-1.443728 0.870686 6.378746
-1.395367 0.868782 6.314769
-1.407356 0.907079 6.293542
-1.421041 0.864696 6.315018
-1.361789 0.775155 6.290737
-1.390638 0.913181 6.312797
-1.298522 0.767354 6.113008
-1.302747 0.866308 6.078297
-1.456858 0.941066 6.362153
-1.355109 0.873645 6.158027
-1.340201 0.859137 6.199121
-1.265471 0.898570 6.057200
-1.351943 0.915625 6.101144
-1.328647 0.875437 6.043431
-1.251827 1.021664 5.845463
-1.245502 0.968176 6.014518
-1.262691 0.978263 5.991084
-1.356295 0.905155 6.236440
-1.210285 0.936411 5.855567
-1.289698 0.822186 6.141511
-1.293807 0.952577 6.074657
-1.246283 0.886165 5.956034
-1.190829 0.890269 5.757249
-1.245825 0.938891 5.998453
-1.254083 0.922173 5.946658
-1.204923 0.893025 5.906139
-1.125832 0.964839 5.720724
-1.282080 0.917497 6.077743
-1.223809 1.013698 5.912530
-1.096728 0.916780 5.719961
-1.197820 0.897338 5.901114
-1.306542 0.948683 6.049561
-1.142727 1.012825 5.743612
-1.223179 0.936218 5.923327
-1.258716 0.944559 5.964591
-1.157725 0.838848 5.830474
-1.198722 0.985784 5.877386
-1.198214 1.014810 5.815962
-1.199232 0.982297 5.899400
-1.125544 0.966075 5.786665
-1.159740 0.954111 5.814457
-1.079423 0.973739 5.641119
-1.131119 0.914174 5.710191
-1.167932 1.003802 5.755069
-1.086083 0.923948 5.623144
-1.077556 0.950233 5.687881
-1.233446 1.076508 5.868591
-1.083140 1.103334 5.558222
-1.129659 0.973381 5.664723
-1.085679 0.985454 5.638244
-1.080600 1.099313 5.649121
-0.962850 1.087054 5.418551
-0.991646 0.971828 5.531505
-1.049530 1.075208 5.465706
-1.110685 1.078228 5.662747
-1.116171 1.010292 5.620205
-1.078645 1.070586 5.621207
-1.038748 1.130053 5.543270
-1.071739 1.002643 5.570600
-1.095503 1.086544 5.632343
-0.969034 1.062012 5.422272
-1.095934 0.958514 5.657735
-0.997698 1.046504 5.408677
-1.089872 1.012675 5.681359
-1.015381 1.120207 5.397130
-1.062287 1.023251 5.629761
-1.006920 1.050643 5.479214
-1.055008 1.057867 5.493606
-1.095456 1.042584 5.614725
-0.986583 0.957215 5.484606
-1.017425 1.114613 5.452850
-0.986932 1.080093 5.417880
-0.819930 1.139580 5.112522
-0.806190 1.055251 5.207636
-0.887031 1.105306 5.238796
-0.910855 1.117920 5.283639
-0.863574 1.027164 5.252994
-0.966907 1.047743 5.408077
-0.919462 1.138156 5.389969
-0.992591 1.142960 5.299250
-0.904153 1.146679 5.263753
-0.922974 0.991645 5.319328
-0.902411 0.990735 5.362946
-0.849163 1.077118 5.234238
-0.826610 1.251085 5.172892
-0.920150 1.122292 5.414868
-0.892622 1.084862 5.231118
-0.815714 1.212077 5.102832
-0.892794 1.130215 5.172970
-0.831530 1.053958 5.095759
-0.831616 1.109617 5.149299
-0.865868 1.036586 5.154671
-0.930829 1.171541 5.312129
-0.846981 1.225761 5.147760
-0.793367 1.172231 5.008425
-0.870742 1.154375 5.257130
-0.898634 1.175110 5.192714
-0.823675 1.091653 5.197613
-0.812865 1.176071 4.996883
-0.831304 1.141888 5.154498
-0.845282 1.209034 5.163015
-0.842544 1.146546 5.132186
-0.854062 1.128936 5.118302
-0.781979 1.132120 4.943584
-0.863995 1.299881 5.110370
-0.876079 1.115660 5.245336
-0.776870 1.221213 5.052400
-0.672476 1.148991 4.871829
-0.637333 1.154933 4.755298
-0.866343 1.139779 5.275528
-0.735009 1.255852 4.973081
-0.729141 1.145804 4.967887
-0.702413 1.186042 4.915861
-0.682214 1.195227 4.933579
-0.750207 1.171619 4.964620
-0.746114 1.188021 4.900817
-0.727298 1.315583 4.853558
-0.698086 1.182150 5.013222
-0.814248 1.090751 5.100503
-0.738924 1.166021 4.912578
-0.763162 1.290950 5.010552
-0.700359 1.245525 4.889427
-0.677046 1.186166 4.835924
-0.706225 1.170700 4.890892
-0.639176 1.299958 4.737215
-0.688830 1.221104 4.814902
-0.596273 1.270390 4.707021
-0.685070 1.224869 4.997927
-0.643140 1.235789 4.816656
-0.686414 1.231931 4.836841
-0.648956 1.308152 4.717676
-0.592653 1.281138 4.682559
-0.643080 1.275191 4.848454
-0.639442 1.273507 4.811942
-0.585679 1.262748 4.815375
-0.564909 1.255419 4.674118
-0.634054 1.245660 4.769950
-0.581278 1.297353 4.705987
-0.708966 1.212457 4.933567
-0.583546 1.252732 4.711755
-0.654553 1.340918 4.825822
-0.538845 1.260997 4.644521
-0.676171 1.274796 4.861191
-0.572689 1.306434 4.646259
-0.628885 1.353266 4.769465
-0.553093 1.241062 4.694723
-0.585413 1.237586 4.730241
-0.413844 1.303413 4.492716
-0.539152 1.262287 4.643815
-0.592962 1.297999 4.658004
-0.503847 1.206982 4.498739
-0.581373 1.253703 4.699767
-0.598422 1.318553 4.747491
-0.500436 1.284365 4.580774
-0.610381 1.287378 4.788300
-0.497143 1.343853 4.580747
-0.508745 1.325337 4.625462
-0.435188 1.207034 4.496221
-0.510570 1.361200 4.537572
-0.445752 1.263875 4.468917
-0.484742 1.398849 4.593218
-0.475603 1.358134 4.525200
-0.482388 1.323994 4.546353
-0.466731 1.407431 4.468207
-0.449561 1.446398 4.545784
-0.439014 1.378844 4.451579
-0.545234 1.297714 4.609120
-0.397911 1.361130 4.469626
-0.443049 1.364744 4.523015
-0.484921 1.279481 4.627967
-0.429890 1.304468 4.477225
-0.457034 1.385422 4.519170
-0.407420 1.479816 4.393932
-0.411423 1.453330 4.388865
-0.450683 1.415809 4.530366
-0.380208 1.347576 4.447433
-0.429183 1.358566 4.489055
-0.359179 1.358681 4.495038
-0.489663 1.462233 4.613629
-0.360592 1.301865 4.519207
-0.391942 1.495792 4.392219
-0.377264 1.391298 4.365727
-0.277205 1.380246 4.292516
-0.363791 1.425823 4.360706
-0.322378 1.437178 4.323047
-0.282936 1.413905 4.279624
-0.252673 1.413744 4.207683
-0.373924 1.434777 4.372606
-0.260979 1.489228 4.258585
-0.358062 1.499412 4.344066
-0.365639 1.359154 4.255535
-0.231557 1.411424 4.199416
-0.329762 1.425514 4.399061
-0.276690 1.410005 4.248100
-0.231583 1.410494 4.269974
-0.196653 1.481140 4.186270
-0.274542 1.450834 4.331972
-0.278501 1.461138 4.311043
-0.280236 1.423215 4.334443
-0.256377 1.401717 4.284287
-0.197354 1.507582 4.158941
-0.342791 1.372643 4.381879
-0.251502 1.486955 4.269209
-0.193615 1.473509 4.200211
-0.188993 1.452677 4.244466
-0.306660 1.455170 4.256715
-0.163280 1.446684 4.063715
-0.206114 1.548432 4.213924
-0.250111 1.494591 4.258502
-0.250822 1.417001 4.191286
-0.223472 1.412409 4.214502
-0.201414 1.466740 4.193655
-0.128618 1.453468 4.168801
-0.221448 1.516237 4.202057
-0.233081 1.481141 4.219308
-0.210716 1.532043 4.231076
-0.173740 1.445713 4.081621
-0.256314 1.519310 4.272355
-0.082884 1.582242 4.062624
-0.139156 1.463898 4.084774
-0.102341 1.511386 4.084007
-0.101383 1.466441 4.157205
-0.116780 1.485776 4.122547
-0.134767 1.548081 4.208774
-0.179058 1.593328 4.072889
-0.127075 1.467638 4.092020
-0.106189 1.465352 4.057744
-0.068954 1.554603 4.019580
-0.041593 1.492181 4.002819
-0.023534 1.546785 3.972153
-0.126812 1.562541 4.130212
-0.076058 1.582474 3.990127
-0.048960 1.524685 3.990778
-0.058448 1.438104 4.066771
0.009101 1.526683 4.075399
-0.062861 1.499608 4.052580
0.022412 1.526278 3.960552
-0.051480 1.609987 3.989479
-0.055870 1.523689 3.960118
-0.097988 1.542378 4.026791
0.019275 1.644796 3.942692
0.052438 1.712383 3.931283
0.031678 1.620048 3.979904
-0.016834 1.613018 4.034034
0.039675 1.514364 3.989899
-0.027723 1.632697 4.026565
0.073766 1.600940 3.828343
-0.073212 1.525135 4.056107
0.006188 1.550644 4.057583
-0.047100 1.550216 4.049129
0.013416 1.556926 4.072054
-0.015177 1.620739 4.046377
0.040606 1.577080 3.974364
0.084819 1.572621 3.857262
0.058122 1.620786 3.960742
0.083295 1.693876 3.928441
0.058371 1.636395 3.949308
0.124857 1.587540 3.919944
0.136287 1.638351 3.857739
0.018119 1.629969 3.946703
0.143507 1.591407 3.817182
0.142333 1.656659 3.884956
0.156281 1.631526 3.843968
0.125227 1.688871 3.912831
0.050894 1.621520 3.856426
0.163893 1.596662 3.851339
0.113756 1.641217 3.868097
0.147999 1.659424 3.845440
0.025005 1.665718 3.961442
0.182180 1.650180 3.813153
0.193803 1.509067 3.771803
0.263511 1.694259 3.767294
0.225835 1.698906 3.922323
0.159973 1.632499 3.778147
0.256095 1.689390 3.747114
0.109494 1.649514 3.898404
0.377097 1.624546 3.711017
0.343679 1.703679 3.702216
0.237141 1.720288 3.749409
0.157387 1.643752 3.832473
0.213993 1.793894 3.819917
0.248327 1.745712 3.751718
0.236381 1.661295 3.823600
0.259737 1.651740 3.762369
0.283239 1.682697 3.808760
0.210741 1.666086 3.747189
0.247848 1.661650 3.802209
0.242755 1.673896 3.746929
0.263311 1.744455 3.829493
0.292935 1.686891 3.764715
0.168591 1.713208 3.798523
0.275527 1.654264 3.765144
0.363159 1.763559 3.658440
0.261322 1.791890 3.838912
0.240171 1.701710 3.735298
0.258822 1.744463 3.764415
0.333927 1.774209 3.753762
0.214400 1.755728 3.817031
0.320815 1.745194 3.701100
0.154802 1.757127 3.876229
0.397179 1.646220 3.695261
0.323219 1.776848 3.654028
0.400680 1.759505 3.615057
0.310165 1.688869 3.787071
0.357570 1.765444 3.612479
0.469546 1.654989 3.596748
0.304648 1.801423 3.805135
0.408025 1.753378 3.689647
0.255524 1.725773 3.792170
0.243012 1.726947 3.752305
0.412446 1.806716 3.748540
0.385764 1.829603 3.659516
0.364514 1.691202 3.743836
0.394608 1.793833 3.616975
0.374917 1.819896 3.650746
0.421609 1.796676 3.520045
0.450872 1.792280 3.697275
0.467310 1.787436 3.610425
0.424480 1.844664 3.708971
0.470290 1.829416 3.660167
0.469388 1.837466 3.685983
0.460358 1.762040 3.721646
0.420857 1.832160 3.742263
0.314498 1.761470 3.729214
0.448197 1.812874 3.675087
0.451797 1.810486 3.537210
0.389129 1.828964 3.693557
0.514451 1.884944 3.558973
0.481243 1.799910 3.636515
0.418874 1.934855 3.672878
0.535303 1.803455 3.594045
0.537265 1.783715 3.669180
0.562248 1.860255 3.639556
0.450828 1.895798 3.695876
0.541712 1.897876 3.640568
0.478357 1.808274 3.655910
0.382452 1.851864 3.629793
0.505475 1.847743 3.689992
0.521546 1.893231 3.690574
0.652414 1.893533 3.572730
0.565435 1.858624 3.575671
0.627100 1.882568 3.495226
0.538536 1.872087 3.611549
0.611674 1.887235 3.577813
0.515459 1.833323 3.635645
0.633237 1.927037 3.644390
0.521872 1.903908 3.546521
0.656664 1.846455 3.522864
0.590157 1.832445 3.624749
0.565553 1.809998 3.637622
0.555276 1.751036 3.639272
0.655261 1.914208 3.552092
0.571426 1.849675 3.583052
0.637482 1.922689 3.561099
0.602160 2.001401 3.504305
0.642782 1.950775 3.546221
0.641034 1.820420 3.542346
0.614328 1.898081 3.583572
0.601399 1.899861 3.681535
0.591695 1.864535 3.611047
0.685341 1.946426 3.609500
0.676127 1.905048 3.587223
0.766215 1.831413 3.502815
0.687083 1.944378 3.535060
0.597540 1.809256 3.610137
0.763880 1.973464 3.454376
0.640111 1.978270 3.471969
0.740220 1.937486 3.520336
0.685149 1.899265 3.523814
0.753649 1.951616 3.537938
0.710899 1.896464 3.606031
0.675531 2.015181 3.589334
0.684554 1.970550 3.577159
0.689886 1.906442 3.570294
0.706424 1.938459 3.550342
0.851774 2.114374 3.486034
0.761003 1.957347 3.662466
0.769991 1.941385 3.506958
0.829138 2.013751 3.541674
0.721126 1.934428 3.544968
0.740383 1.939720 3.557337
0.750300 2.010757 3.534863
0.749124 1.936375 3.487262
0.880837 1.912849 3.519922
0.777492 2.017479 3.461351
0.743504 2.021146 3.636361
0.796611 1.871091 3.589368
0.783893 1.948836 3.546985
0.768010 1.980353 3.540237
0.856543 2.011295 3.546655
0.736773 2.051603 3.504167
0.852897 2.005223 3.464233
0.922338 2.009985 3.410978
0.970954 1.953589 3.391297
0.934610 1.967865 3.543599
0.852366 2.057419 3.616059
0.862755 1.960376 3.490254
0.930660 2.049994 3.599650
0.930090 1.975436 3.460191
0.839629 1.959226 3.596209
0.779537 2.005389 3.503987
0.873563 2.082873 3.502319
0.983810 1.924820 3.493441
0.904305 2.049380 3.628157
0.844073 2.049495 3.529665
0.880500 2.095297 3.487994
0.960132 2.047869 3.436870
0.954546 2.070633 3.583089
0.922977 1.973761 3.499430
0.951540 2.006818 3.517503
0.931051 2.022843 3.487952
0.946584 1.945196 3.552589
0.886948 2.120140 3.478392
0.898964 2.028453 3.493452
0.935255 2.104657 3.425836
0.946191 2.020399 3.527285
0.928588 2.036817 3.511465
1.015173 2.106116 3.479461
1.020559 2.106017 3.517085
1.059241 2.013139 3.528783
1.001158 2.091954 3.513653
0.976031 2.084674 3.429535
0.969051 2.086036 3.514336
0.908669 2.110598 3.532134
1.038480 2.175639 3.476316
0.970247 2.064733 3.421663
1.087385 2.181754 3.492946
1.070817 2.125322 3.499091
1.080101 2.076109 3.444842
1.112859 2.076469 3.534196
1.056546 2.085862 3.513182
1.064792 2.093426 3.483115
1.031274 2.072651 3.452197
1.041453 2.104767 3.500176
1.060672 2.154668 3.479030
1.116727 2.134110 3.514205
1.082971 2.211341 3.603501
1.119550 2.149515 3.525331
1.118791 2.183638 3.410522
1.094690 2.045597 3.513265
1.251371 2.192559 3.486035
1.131365 2.173280 3.542317
1.170905 2.218172 3.574359
1.032777 2.195183 3.525371
1.125380 2.181692 3.601145
1.161772 2.186033 3.584370
1.198836 2.147013 3.607777
1.114630 2.182921 3.431594
1.197745 2.130568 3.559661
1.092896 2.106546 3.408803
1.148206 2.261470 3.612565
1.171230 2.155629 3.503237
1.279394 2.160831 3.538749
1.192498 2.157431 3.440527
1.276012 2.140880 3.563521
1.095242 2.195420 3.552703
1.164937 2.201266 3.556815
1.226553 2.229439 3.455868
1.173314 2.207665 3.503402
1.277774 2.101524 3.481078
1.182389 2.240648 3.504016
1.283953 2.127016 3.485475
1.198751 2.276286 3.439820
1.227582 2.268883 3.523049
1.307836 2.150706 3.563851
1.223724 2.322277 3.498875
1.288421 2.210064 3.528010
1.276222 2.185452 3.547509
1.274200 2.202007 3.546043
1.382022 2.258727 3.584285
1.318397 2.211476 3.542599
1.290618 2.136596 3.560102
1.304863 2.186324 3.559806
1.249020 2.184008 3.540688
1.329151 2.240836 3.641101
1.346867 2.130878 3.525988
1.369280 2.375938 3.519373
1.423757 2.247520 3.562027
1.357131 2.217743 3.468470
1.281761 2.218856 3.533444
1.358311 2.200977 3.515933
1.324234 2.276621 3.570407
1.321787 2.214304 3.560415
1.328513 2.263497 3.603307
1.372644 2.302421 3.570465
1.334325 2.267484 3.547728
1.396532 2.261564 3.605530
1.295206 2.292017 3.570156
1.247988 2.363935 3.586177
1.390370 2.249016 3.622274
1.327420 2.339096 3.558928
1.380803 2.300550 3.614814
1.320105 2.269935 3.575400
1.320653 2.283117 3.585568
1.438745 2.287224 3.571410
1.407077 2.245888 3.529142
1.435787 2.264849 3.542784
1.442149 2.303063 3.590527
1.413235 2.309404 3.520993
1.531218 2.281426 3.636555
1.479051 2.276227 3.643407
1.595549 2.482545 3.721196
1.551766 2.306685 3.609039
1.512484 2.245906 3.602505
1.482889 2.281243 3.556328
1.460021 2.308192 3.542270
1.458692 2.274585 3.686796
1.507619 2.303359 3.631886
1.555178 2.328792 3.653239
1.459381 2.269412 3.675888
1.516570 2.305418 3.557128
1.461086 2.344241 3.607752
1.534730 2.357425 3.798697
1.562213 2.359304 3.713084
1.590361 2.288264 3.678480
1.560861 2.401915 3.631888
1.520402 2.363872 3.586331
1.538975 2.385508 3.674881
1.564416 2.408356 3.720925
1.558821 2.370666 3.589098
1.591072 2.403741 3.725497
1.592376 2.366857 3.733813
1.637148 2.454959 3.798286
1.523833 2.410624 3.704681
1.611627 2.289732 3.779612
1.555739 2.350788 3.679038
1.596174 2.441718 3.744901
1.548525 2.452177 3.665224
1.622465 2.331776 3.690771
1.553668 2.447670 3.727985
1.590620 2.424765 3.619976
1.752310 2.535196 3.805815
1.674794 2.475355 3.773907
1.696735 2.402485 3.818064
1.613319 2.389211 3.735969
1.718523 2.415688 3.756769
1.650624 2.412037 3.732768
1.644930 2.445068 3.685065
1.704622 2.418184 3.827728
1.690335 2.368212 3.711372
1.750913 2.453472 3.886261
1.630421 2.484451 3.727176
1.661378 2.441595 3.721423
1.682791 2.434979 3.710063
1.716647 2.404925 3.824408
1.694588 2.509926 3.725600
1.719232 2.393168 3.805425
1.712986 2.407158 3.707797
1.780577 2.378331 3.786046
1.712241 2.401406 3.739189
1.725494 2.486895 3.839942
1.755106 2.347986 3.697965
1.752454 2.429120 3.725024
1.775063 2.504736 3.860964
1.705425 2.437549 3.820947
1.779079 2.507661 3.870099
1.771732 2.412984 3.900970
1.741615 2.574084 3.775982
1.709320 2.515023 3.651079
1.805790 2.543947 3.809092
1.796107 2.538643 3.814473
1.805125 2.466610 3.829856
1.795089 2.524054 3.827871
1.887348 2.453323 3.813124
1.771737 2.530444 3.757808
1.828346 2.372773 3.888842
1.812022 2.495936 3.937370
1.740355 2.384614 3.784106
1.852963 2.524502 3.810980
1.787828 2.544181 3.859037
1.897819 2.546100 3.865816
1.906914 2.551097 3.965824
1.890384 2.522891 3.968659
1.903311 2.582590 4.000548
1.860164 2.565557 3.875038
1.922880 2.559128 3.877893
1.940037 2.532197 3.851228
1.955886 2.544065 4.045408
1.968777 2.523967 3.979472
1.838495 2.462874 3.851089
1.933064 2.568529 3.878392
1.800849 2.621526 3.874917
1.977069 2.563221 3.991649
1.901976 2.538072 3.899663
1.954442 2.545485 4.049755
1.922301 2.536584 3.939994
1.970537 2.546128 4.031150
1.990525 2.684721 4.066756
1.908051 2.514126 3.824294
1.941950 2.593361 3.860435
1.958780 2.558618 3.932168
2.018241 2.564846 4.051213
1.973612 2.591177 4.078121
1.982211 2.602716 3.947442
2.111232 2.712303 4.156974
1.876053 2.666583 3.907247
2.036588 2.664963 4.012747
2.017578 2.628628 4.076212
2.057016 2.534848 4.067589
2.071033 2.588745 4.154479
2.093612 2.559815 4.091285
1.992464 2.570506 4.046969
2.101180 2.560728 4.070606
2.072085 2.566603 4.097656
2.024302 2.661146 3.996903
2.102608 2.619618 4.112931
1.991567 2.618951 4.059575
2.103516 2.640815 4.056407
2.069016 2.641786 4.089434
2.149462 2.556655 4.077098
2.055026 2.710320 4.060127
2.073247 2.557489 4.104325
2.082471 2.684376 4.137330
2.085269 2.723473 4.122653
2.037888 2.560006 4.047127
2.115955 2.617127 4.196537
2.083871 2.684541 4.147921
2.170009 2.587463 4.207930
2.173194 2.772055 4.189701
2.073419 2.680346 4.075864
2.145658 2.601158 4.214575
2.158362 2.593927 4.183136
2.117080 2.662372 4.155647
2.230505 2.621030 4.332179
2.168000 2.698705 4.153487
2.196160 2.775487 4.228931
2.158881 2.731047 4.125635
2.219106 2.678834 4.221431
2.334798 2.719812 4.322573
2.166891 2.723601 4.080135
2.220261 2.641934 4.231538
2.223855 2.601928 4.208450
2.242520 2.587233 4.224826
2.218677 2.677244 4.188849
2.138617 2.681732 4.300189
2.179223 2.752634 4.210715
2.262946 2.722502 4.445775
2.159399 2.759415 4.211652
2.281047 2.742437 4.378211
2.267316 2.783985 4.367241
2.279136 2.627066 4.330908
2.294460 2.787877 4.369297
2.268155 2.735438 4.296392
2.308367 2.684992 4.233826
2.225427 2.700832 4.276882
2.298726 2.681633 4.345935
2.298486 2.694433 4.300833
2.248833 2.661047 4.308890
2.295291 2.771182 4.340059
2.410198 2.741703 4.488876
2.344628 2.792051 4.382451
2.253264 2.722092 4.340654
2.269514 2.721283 4.346740
2.386391 2.813331 4.408240
2.256050 2.773894 4.344292
2.418357 2.731053 4.429688
2.303557 2.755525 4.380368
2.362421 2.798566 4.407500
2.360049 2.770068 4.427169
2.362916 2.704510 4.389375
2.403888 2.772400 4.519121
2.522988 2.782157 4.674603
2.472391 2.730503 4.593196
2.444667 2.795377 4.662354
2.285127 2.702488 4.259701
2.400301 2.799397 4.512392
2.469063 2.716122 4.601071
2.390090 2.747136 4.443816
2.524837 2.817896 4.612932
2.436337 2.795969 4.609187
2.427068 2.776435 4.476768
2.392000 2.791656 4.599818
2.435261 2.804222 4.584034
2.492690 2.806098 4.669744
2.447427 2.819601 4.528459
2.422126 2.828923 4.604444
2.543988 2.864060 4.722704
2.519287 2.740539 4.716028
2.451194 2.790158 4.547473
2.512785 2.818136 4.647177
2.464330 2.932075 4.574293
2.523155 2.845684 4.661953
2.455788 2.860636 4.633027
2.501373 2.840656 4.724921
2.564340 2.810803 4.689813
2.423183 2.843711 4.530608
2.500578 2.872221 4.685608
2.506127 2.817275 4.607595
2.467512 2.896952 4.623885
2.481495 2.993819 4.659527
2.454118 2.866075 4.533827
2.516622 2.826741 4.586680
2.682864 2.867169 4.915294
2.479216 2.938996 4.658862
2.567116 2.878139 4.785133
2.599586 2.820262 4.722639
2.571595 2.920850 4.721921
2.564963 2.942963 4.730591
2.686631 2.785302 4.913931
2.543206 2.921830 4.701450
2.586720 2.915690 4.751846
2.576754 2.852662 4.831567
2.593283 2.935695 4.792143
2.568801 2.990236 4.829021
2.555576 2.918498 4.747770
2.588323 2.934657 4.870149
2.551131 2.922803 4.678270
2.595089 2.924469 4.746986
2.673781 2.815071 4.932794
2.728543 2.846374 4.976853
2.717871 2.953110 5.019844
2.602575 2.929957 4.821371
2.568212 2.912233 4.769679
2.677786 2.993471 5.000202
2.653985 2.929479 4.892144
2.691857 2.924016 4.975361
2.722958 2.909905 4.848137
2.743153 2.986088 4.990519
2.786229 2.845927 4.990346
2.667159 3.034498 4.966050
2.711830 2.994583 5.007524
2.745153 2.959202 5.015261
2.761627 2.966790 5.011415
2.678513 2.983717 4.946484
2.758488 2.939958 4.973420
2.726249 2.997076 5.068392
2.811209 2.970236 5.095327
2.760071 3.017101 5.004105
2.653507 2.923105 4.866178
2.732117 3.073062 5.041397
2.712960 2.942036 5.009933
2.836750 2.941737 5.193162
2.730097 2.937999 5.018480
2.751948 3.010621 5.034024
2.750504 3.076166 5.059304
2.775709 2.942356 5.047294
2.832569 3.001113 5.224266
2.796812 3.038230 5.121339
2.835382 3.043976 5.110442
2.889707 2.954284 5.326137
2.840904 2.991925 5.156347
2.843293 2.975340 5.204628
2.896238 3.044468 5.383438
2.845416 3.049680 5.285756
2.915945 3.086460 5.338674
2.801001 3.026012 5.129864
2.901136 3.062484 5.398103
2.813970 3.081369 5.265863
2.859455 3.037271 5.260580
2.955281 3.025985 5.398077
2.893307 2.997420 5.301398
2.986871 2.992546 5.414711
2.882090 3.084083 5.240264
2.880247 3.094796 5.277028
2.789369 3.041313 5.152957
2.871410 3.022710 5.257848
2.893480 3.123065 5.235809
2.862770 2.980188 5.292213
2.880440 3.070871 5.360178
2.964223 3.029624 5.471737
3.028825 3.021971 5.559711
2.957656 3.132454 5.456857
2.931602 3.025678 5.373722
2.976435 3.111319 5.535080
2.999898 3.079660 5.500256
2.934601 3.037394 5.323175
3.043517 3.132730 5.595744
3.029250 3.154552 5.507486
2.999255 3.192776 5.545826
3.060717 2.987375 5.541675
